0	 400	  0.0000	  0.0000	
400	 800	  0.0000	  0.0000	
800	 1200	  0.0000	  0.0000	
1200	 1600	  0.0000	  0.0000	
1600	 2000	  0.0000	  0.0000	
2000	 2400	  0.0000	  0.0000	
2400	 2800	  0.0000	  0.0000	
2800	 3200	  0.0000	  0.0000	
3200	 3600	  0.0000	  0.0000	
3600	 4000	  0.0000	  0.0000	
4000	 4400	  0.0000	  0.0000	
4400	 4800	  0.0000	  0.0000	
4800	 5200	  0.0000	  0.0000	
5200	 5600	  0.0000	  0.0000	
5600	 6000	  0.0000	  0.0000	
6000	 6400	  0.0000	  0.0000	
6400	 6800	  0.0000	  0.0000	
6800	 7200	  0.0000	  0.0000	
7200	 7600	  0.0000	  0.0000	
7600	 8000	  0.0000	  0.0000	
8000	 8400	  0.0000	  0.0000	
8400	 8800	  0.0000	  0.0000	
8800	 9200	  0.0000	  0.0000	
9200	 9600	  0.0000	  0.0000	
9600	 10000	  0.0000	  0.0000	
10000	 10400	  0.0000	  0.0000	
10400	 10800	  0.0000	  0.0000	
10800	 11200	  0.0000	  0.0000	
11200	 11600	  0.0000	  0.0000	
11600	 12000	  0.0000	  0.0000	
12000	 12400	  0.0000	  0.0000	
12400	 12800	  0.0000	  0.0000	
12800	 13200	  0.0000	  0.0000	
13200	 13600	  0.0000	  0.0000	
13600	 14000	  2.0000	  0.0000	
14000	 14400	 41.0000	  1.9756	
14400	 14800	 211.0000	  2.8104	
14800	 15200	 600.0000	  2.6200	
15200	 15600	 837.0000	  2.3047	
15600	 16000	 965.0000	  2.2000	
16000	 16400	 972.0000	  2.1471	
16400	 16800	 870.0000	  2.2391	
16800	 17200	 538.0000	  2.6654	
17200	 17600	 155.0000	  2.8516	
17600	 18000	 17.0000	  2.2941	
18000	 18400	  0.0000	  0.0000	
18400	 18800	  0.0000	  0.0000	
18800	 19200	  0.0000	  0.0000	
19200	 19600	  0.0000	  0.0000	
19600	 20000	  0.0000	  0.0000	
20000	 20400	  0.0000	  0.0000	
20400	 20800	  0.0000	  0.0000	
20800	 21200	  0.0000	  0.0000	
21200	 21600	  0.0000	  0.0000	
21600	 22000	  0.0000	  0.0000	
22000	 22400	  0.0000	  0.0000	
22400	 22800	  0.0000	  0.0000	
22800	 23200	  0.0000	  0.0000	
23200	 23600	  0.0000	  0.0000	
23600	 24000	  0.0000	  0.0000	
24000	 24400	  0.0000	  0.0000	
24400	 24800	  0.0000	  0.0000	
24800	 25200	  0.0000	  0.0000	
25200	 25600	  0.0000	  0.0000	
25600	 26000	  0.0000	  0.0000	
26000	 26400	  0.0000	  0.0000	
26400	 26800	  0.0000	  0.0000	
26800	 27200	  0.0000	  0.0000	
27200	 27600	  0.0000	  0.0000	
27600	 28000	  0.0000	  0.0000	
28000	 28400	  0.0000	  0.0000	
28400	 28800	  0.0000	  0.0000	
28800	 29200	  0.0000	  0.0000	
29200	 29600	  0.0000	  0.0000	
29600	 30000	  0.0000	  0.0000	
30000	 30400	  0.0000	  0.0000	
30400	 30800	  0.0000	  0.0000	
30800	 31200	  0.0000	  0.0000	
31200	 31600	  0.0000	  0.0000	
31600	 32000	  0.0000	  0.0000	
